mu = -0.0004613098867187299 +- 4.778635847719386e-06
sigma = 0.18657925186437108 +- 8.311467940163889e-06
KstestResult(statistic=0.00504054247214844, pvalue=0.012380355641268008)
